#1=Wt, 2=Cw
0	m127r	0	0	1	1
0	m128r	0	0	1	1
0	m129r	0	0	1	1
0	M154	0	0	1	1
0	M155	0	0	1	1
0	M159	0	0	1	1
0	M239	0	0	1	1
0	M314	0	0	1	1
0	M315	0	0	1	1
0	M316	0	0	1	1
0	M317	0	0	1	1
0	M318	0	0	1	1
0	M319	0	0	1	1
0	M320	0	0	1	1
0	M321	0	0	1	1
0	M322	0	0	1	1
0	M323	0	0	1	1
0	M328	0	0	1	1
0	M75	0	0	1	2
0	M76	0	0	1	2
0	M77	0	0	1	2
0	M78	0	0	1	2
0	M79	0	0	1	2
0	M80	0	0	1	2
0	M81	0	0	1	2
0	M82	0	0	1	2
0	M83	0	0	1	2
0	M84	0	0	1	2
0	M85	0	0	1	2
0	m86r	0	0	1	2
0	M157	0	0	1	1
0	M158	0	0	1	1
0	M162	0	0	1	1
0	M163	0	0	1	1
0	M164	0	0	1	1
0	M165	0	0	1	1
0	M166	0	0	1	1
0	M167	0	0	1	1
0	M172	0	0	1	2
0	M173	0	0	1	2
0	M174	0	0	1	2
0	M175	0	0	1	2
0	M176	0	0	1	2
0	M178	0	0	1	2
0	M179	0	0	1	2
0	M180	0	0	1	2
0	M181	0	0	1	2
0	M220	0	0	1	2
0	M221	0	0	1	2
0	M222	0	0	1	2
0	M236	0	0	1	1
0	M237	0	0	1	1
0	M238	0	0	1	1
0	M48	0	0	1	2
0	M49	0	0	1	2
0	M50	0	0	1	2
0	m87r	0	0	1	2
0	m88r	0	0	1	2
0	m90r	0	0	1	2
0	m91r	0	0	1	2
0	M160	0	0	1	1
0	M161	0	0	1	1
0	M208	0	0	1	1
0	M209	0	0	1	1
0	M210	0	0	1	1
0	M211	0	0	1	1
0	M212	0	0	1	1
0	M213	0	0	1	1
0	M214	0	0	1	1
0	M215	0	0	1	1
0	M216	0	0	1	1
0	M217	0	0	1	1
0	M218	0	0	1	1
0	M219	0	0	1	1
0	M223	0	0	1	2
0	M224	0	0	1	2
0	M225	0	0	1	2
0	M226	0	0	1	2
0	M227	0	0	1	2
0	M228	0	0	1	2
0	M229	0	0	1	2
0	M230	0	0	1	2
0	M231	0	0	1	2
0	M232	0	0	1	2
0	M233	0	0	1	2
0	M234	0	0	1	2
0	M235	0	0	1	2
0	M54	0	0	1	1
0	M55	0	0	1	1
0	M56	0	0	1	1
